iou: 0.770694 ,iou: 0.662839 ,iou: 0.762560 ,iou: 0.771137 ,iou: 0.666085 ,iou: 0.590957 ,iou: 0.815496 ,iou: 0.714800 ,iou: 0.736988 ,iou: 0.622136 ,iou: 0.650438 ,iou: 0.707793 ,iou: 0.719651 ,iou: 0.732359 ,iou: 0.700117 ,iou: 0.714183 ,iou: 0.660948 ,iou: 0.745523 ,iou: 0.895914 ,iou: 0.632757 ,iou: 0.818472 ,iou: 0.788091 ,iou: iou: 0.859003 ,iou: 0.596039 ,iou: 0.646481 ,iou: 0.705880 ,iou: 0.633750 ,iou: 0.792241 ,iou: 0.736777 ,iou: 0.597559 ,iou: 0.564500 ,iou: 0.654841 ,iou: 0.746899 ,iou: 0.796798 ,iou: 0.854413 ,iou: 0.807406 ,iou: 0.709590 ,iou: 0.704454 ,iou: 0.885028 ,0.319926 ,iou: 0.598187 ,iou: 0.599987 ,iou: 0.904867 ,iou: 0.765171 ,iou: 0.525128 ,0.000000 ,iou: 0.444433 ,iou: 0.736822 ,iou: 0.888103 ,iou: iou: 0.468001 ,iou: 0.878646 ,iou: 0.626921 ,iou: 0.464435 ,iou: 0.798997 ,iou: 0.748594 ,iou: 0.652381 ,0.191946 ,iou: 0.780032 ,iou: 0.703664 ,0.000000 ,0.357977 ,iou: 0.615281 ,iou: 0.796186 ,iou: 0.810840 ,0.000000 ,iou: 0.610405 ,iou: 0.658835 ,iou: 0.690907 ,iou: 0.767192 ,iou: 0.650827 ,iou: 0.807275 ,iou: 0.810706 ,iou: 0.782685 ,iou: 0.706486 ,iou: 0.756934 ,iou: 0.740384 ,iou: 0.766955 ,iou: 0.805852 ,iou: 0.769924 ,iou: 0.346707 ,iou: 0.730328 ,iou: 0.709466 ,iou: 0.743172 ,iou: 0.675026 ,iou: iou: 0.878059 ,iou: 0.927607 ,iou: 0.560484 ,iou: 0.761305 ,iou: 0.771024 ,epoch: 10, precision: 0.804124, recall: 0.906977, fscore: 0.852454
iou: 0.799294 ,iou: 0.882100 ,iou: 0.758664 ,iou: 0.810192 ,iou: 0.806270 ,iou: 0.840948 ,iou: 0.789485 ,iou: 0.495659 ,iou: 0.657283 ,iou: 0.753476 ,iou: 0.625654 ,iou: 0.768542 ,iou: 0.719945 ,iou: 0.813821 ,iou: 0.728961 ,iou: 0.611660 ,iou: 0.848351 ,iou: 0.767551 ,iou: 0.857009 ,iou: 0.748990 ,iou: 0.818877 ,iou: 0.810637 ,iou: iou: 0.805234 ,iou: 0.570437 ,iou: 0.673921 ,iou: 0.782646 ,iou: 0.616067 ,iou: 0.757719 ,iou: 0.692387 ,iou: 0.477469 ,iou: 0.649753 ,iou: 0.751412 ,iou: 0.731321 ,iou: 0.881077 ,iou: 0.696503 ,iou: 0.833477 ,iou: 0.697143 ,iou: 0.675473 ,iou: 0.693946 ,iou: 0.533481 ,iou: 0.542516 ,iou: 0.769150 ,iou: 0.860259 ,iou: 0.708148 ,iou: 0.689725 ,iou: 0.790929 ,iou: 0.811294 ,iou: iou: 0.446822 ,iou: 0.726022 ,iou: 0.713453 ,iou: 0.662065 ,iou: 0.781167 ,iou: 0.802869 ,iou: 0.780212 ,iou: 0.824546 ,iou: 0.676302 ,iou: 0.711183 ,iou: 0.772114 ,iou: 0.798734 ,iou: 0.802903 ,iou: 0.557414 ,iou: 0.804657 ,iou: 0.675317 ,iou: 0.579311 ,iou: 0.679533 ,iou: 0.811670 ,iou: 0.919254 ,iou: 0.767045 ,iou: 0.595525 ,iou: 0.729968 ,iou: 0.755911 ,iou: 0.825274 ,iou: 0.837296 ,iou: 0.357173 ,iou: 0.836833 ,iou: 0.725553 ,iou: 0.805150 ,iou: 0.703744 ,iou: 0.445883 ,0.318601 ,iou: 0.916032 ,iou: 0.819061 ,iou: 0.456634 ,0.593969 ,iou: 0.579687 ,iou: 0.688709 ,epoch: 11, precision: 0.806122, recall: 0.918605, fscore: 0.858691
